0, 389.85, 336.24, 0.0002839, 967.7703126953213
0, 373.46, 2116.2, 0.0003044, 947.2006824533014
500, 374.28, 2078.2, 0.0003086, 948.2463355267976
1000, 375.11, 2040.76, 0.0003129, 949.2908368039797
1500, 375.93, 2003.86, 0.0003173, 950.3341900826256
2000, 376.76, 1967.5, 0.0003216, 951.3763991396885
2500, 377.58, 1931.69, 0.0003261, 952.4174677314564
3000, 378.41, 1896.4, 0.0003306, 953.4573995937102
3500, 379.23, 1861.63, 0.0003351, 954.4961984418795
4000, 380.06, 1827.38, 0.0003397, 955.5338679711986
4500, 380.88, 1793.65, 0.0003443, 956.5704118568585
5000, 381.71, 1760.42, 0.000349, 957.60583375416
5500, 382.53, 1727.69, 0.0003538, 958.6401372986633
6000, 383.36, 1695.46, 0.0003586, 959.6733261063371
6500, 384.18, 1663.71, 0.0003634, 960.7054037737063
7000, 385.01, 1632.45, 0.0003683, 961.7363738779978
7500, 385.83, 1601.66, 0.0003733, 962.7662399772854
8000, 386.66, 1571.35, 0.0003783, 963.7950056106329
8500, 387.48, 1541.5, 0.0003834, 964.822674298236
9000, 388.31, 1512.11, 0.0003885, 965.8492495415628
9500, 389.13, 1483.18, 0.0003937, 966.874734823493
10000, 389.96, 1454.7, 0.000399, 967.899133608456
10500, 390.78, 1426.67, 0.0004043, 968.9224493425672
11000, 391.61, 1399.07, 0.0004096, 969.9446854537633
11500, 392.43, 1371.9, 0.0004151, 970.9658453519361
12000, 393.26, 1345.17, 0.0004206, 971.9859324290655
12500, 394.08, 1318.86, 0.0004261, 973.0049500593509
13000, 394.91, 1292.96, 0.0004317, 974.0229015993411
13500, 395.73, 1267.48, 0.0004374, 975.039790388064
14000, 396.56, 1242.41, 0.0004431, 976.0556197471535
14500, 397.38, 1217.74, 0.0004489, 977.0703929809765
15000, 398.21, 1193.47, 0.0004548, 978.0841133767585
15500, 399.03, 1169.59, 0.0004607, 979.0967842047077
16000, 399.86, 1146.1, 0.0004667, 980.1084087181376
16500, 400.68, 1123.0, 0.0004728, 981.1189901535898
17000, 401.51, 1100.27, 0.0004789, 982.1285317309543
17500, 402.33, 1077.92, 0.0004851, 983.1370366535888
18000, 403.16, 1055.93, 0.0004913, 984.1445081084382
18500, 403.98, 1034.31, 0.0004977, 985.1509492661518
19000, 404.81, 1013.06, 0.0005041, 986.1563632811989
19500, 405.63, 992.15, 0.0005105, 987.1607532919853
20000, 406.46, 971.6, 0.000517, 988.164122420967
20500, 407.28, 951.39, 0.0005236, 989.1664737747634
21000, 408.11, 931.52, 0.0005303, 990.1678104442701
21500, 408.93, 911.99, 0.0005371, 991.1681355047689
22000, 409.76, 892.8, 0.0005439, 992.1674520160394
22500, 410.58, 873.93, 0.0005508, 993.1657630224673
23000, 411.41, 855.39, 0.0005577, 994.1630715531531
23500, 412.23, 837.16, 0.0005648, 995.1593806220187
24000, 413.06, 819.26, 0.0005719, 996.1546932279142
24500, 413.88, 801.66, 0.0005791, 997.1490123547231
25000, 414.71, 784.37, 0.0005863, 998.1423409714668
25500, 415.53, 767.39, 0.0005936, 999.1346820324075
26000, 416.36, 750.7, 0.0006011, 1000.1260384771512
26500, 417.18, 734.31, 0.0006085, 1001.1164132307491
27000, 418.01, 718.21, 0.0006161, 1002.1058092037986
27500, 418.83, 702.39, 0.0006238, 1003.0942292925425
28000, 419.66, 686.86, 0.0006315, 1004.0816763789686
28500, 420.48, 671.61, 0.0006393, 1005.0681533309072
29000, 421.31, 656.64, 0.0006472, 1006.0536630021284
29500, 422.13, 641.93, 0.0006552, 1007.0382082324384
30000, 422.96, 627.49, 0.0006632, 1008.0217918477755
30500, 423.78, 613.32, 0.0006713, 1009.0044166603037
31000, 424.61, 599.41, 0.0006796, 1009.9860854685078
31500, 425.43, 585.75, 0.0006879, 1010.9668010572849
32000, 426.26, 572.35, 0.0006962, 1011.9465661980379
32500, 427.08, 559.2, 0.0007047, 1012.925383648766
33000, 427.91, 546.29, 0.0007133, 1013.9032561541559
33500, 428.73, 533.63, 0.0007219, 1014.880186445671
34000, 429.56, 521.2, 0.0007307, 1015.8561772416408
34500, 430.38, 509.01, 0.0007395, 1016.831231247349
35000, 431.21, 497.05, 0.0007484, 1017.8053511551213
35500, 432.03, 485.32, 0.0007574, 1018.7785396444116
36000, 432.86, 473.82, 0.0007665, 1019.7507993818882
36500, 389.85, 4219.91, 0.0003905, 967.7703126953213
37000, 389.85, 4119.57, 0.0003812, 967.7703126953213
37500, 389.85, 4021.61, 0.0003721, 967.7703126953213
38000, 389.85, 3925.98, 0.0003633, 967.7703126953213
38500, 389.85, 3832.62, 0.0003547, 967.7703126953213
39000, 389.85, 3741.48, 0.0003462, 967.7703126953213
39500, 389.85, 3652.52, 0.000338, 967.7703126953213
40000, 389.85, 3565.66, 0.00033, 967.7703126953213
40500, 389.85, 3480.87, 0.0003221, 967.7703126953213
41000, 389.85, 3398.1, 0.0003145, 967.7703126953213
41500, 389.85, 3317.3, 0.000307, 967.7703126953213
42000, 389.85, 3238.42, 0.0002997, 967.7703126953213
42500, 389.85, 3161.41, 0.0002925, 967.7703126953213
43000, 389.85, 3086.24, 0.0002856, 967.7703126953213
43500, 389.85, 3012.85, 0.0002788, 967.7703126953213
44000, 389.85, 2941.21, 0.0002722, 967.7703126953213
44500, 389.85, 2871.27, 0.0002657, 967.7703126953213
45000, 389.85, 2802.99, 0.0002594, 967.7703126953213
45500, 389.85, 2736.34, 0.0002532, 967.7703126953213
46000, 389.85, 2671.27, 0.0002472, 967.7703126953213
46500, 389.85, 2607.75, 0.0002413, 967.7703126953213
47000, 389.85, 2545.74, 0.0002356, 967.7703126953213
47500, 389.85, 2485.21, 0.00023, 967.7703126953213
48000, 389.85, 2426.11, 0.0002245, 967.7703126953213
48500, 389.85, 2368.42, 0.0002192, 967.7703126953213
49000, 389.85, 2312.1, 0.000214, 967.7703126953213
49500, 389.85, 2257.12, 0.0002089, 967.7703126953213
50000, 389.85, 2203.45, 0.0002039, 967.7703126953213
50500, 389.85, 2151.05, 0.0001991, 967.7703126953213
51000, 389.85, 2099.9, 0.0001943, 967.7703126953213
51500, 389.85, 2049.97, 0.0001897, 967.7703126953213
52000, 389.85, 2001.22, 0.0001852, 967.7703126953213
52500, 389.85, 1953.64, 0.0001808, 967.7703126953213
53000, 389.85, 1907.18, 0.0001765, 967.7703126953213
53500, 389.85, 1861.83, 0.0001723, 967.7703126953213
54000, 389.85, 1817.56, 0.0001682, 967.7703126953213
54500, 389.85, 1774.34, 0.0001642, 967.7703126953213
55000, 389.85, 1732.15, 0.0001603, 967.7703126953213
55500, 389.85, 1690.96, 0.0001565, 967.7703126953213
56000, 389.85, 1650.75, 0.0001528, 967.7703126953213
56500, 389.85, 1611.49, 0.0001491, 967.7703126953213
57000, 389.85, 1573.17, 0.0001456, 967.7703126953213
57500, 389.85, 1535.77, 0.0001421, 967.7703126953213
58000, 389.85, 1499.25, 0.0001387, 967.7703126953213
58500, 389.85, 1463.6, 0.0001354, 967.7703126953213
59000, 389.85, 1428.79, 0.0001322, 967.7703126953213
59500, 389.85, 1394.82, 0.0001291, 967.7703126953213
60000, 389.85, 1361.65, 0.000126, 967.7703126953213
60500, 389.85, 1329.27, 0.000123, 967.7703126953213
61000, 389.85, 1297.66, 0.0001201, 967.7703126953213
61500, 389.85, 1266.81, 0.0001172, 967.7703126953213
62000, 389.85, 1236.68, 0.0001144, 967.7703126953213
62500, 389.85, 1207.28, 0.0001117, 967.7703126953213
63000, 389.85, 1178.57, 0.0001091, 967.7703126953213
63500, 389.85, 1150.54, 0.0001065, 967.7703126953213
64000, 389.85, 1123.18, 0.0001039, 967.7703126953213
64500, 389.85, 1096.48, 0.0001015, 967.7703126953213
65000, 389.85, 1070.4, 9.91e-05, 967.7703126953213
65500, 389.85, 1044.95, 9.67e-05, 967.7703126953213
66000, 389.85, 1020.1, 9.44e-05, 967.7703126953213
66500, 389.85, 995.84, 9.22e-05, 967.7703126953213
67000, 389.85, 972.16, 9e-05, 967.7703126953213
67500, 389.85, 949.05, 8.78e-05, 967.7703126953213
68000, 389.85, 926.48, 8.57e-05, 967.7703126953213
68500, 389.85, 904.45, 8.37e-05, 967.7703126953213
69000, 389.85, 882.94, 8.17e-05, 967.7703126953213
69500, 389.85, 861.95, 7.98e-05, 967.7703126953213
70000, 389.85, 841.45, 7.79e-05, 967.7703126953213
70500, 389.85, 821.44, 7.6e-05, 967.7703126953213
71000, 389.85, 801.91, 7.42e-05, 967.7703126953213
71500, 389.85, 782.84, 7.24e-05, 967.7703126953213
72000, 389.85, 764.22, 7.07e-05, 967.7703126953213
72500, 389.85, 746.05, 6.9e-05, 967.7703126953213
73000, 389.85, 728.31, 6.74e-05, 967.7703126953213
73500, 389.85, 710.99, 6.58e-05, 967.7703126953213
74000, 389.85, 694.09, 6.42e-05, 967.7703126953213
74500, 389.85, 677.58, 6.27e-05, 967.7703126953213
75000, 389.85, 661.47, 6.12e-05, 967.7703126953213
75500, 389.85, 645.74, 5.98e-05, 967.7703126953213
76000, 389.85, 630.39, 5.83e-05, 967.7703126953213
76500, 389.85, 615.4, 5.69e-05, 967.7703126953213
77000, 389.85, 600.76, 5.56e-05, 967.7703126953213
77500, 389.85, 586.48, 5.43e-05, 967.7703126953213
78000, 389.85, 572.53, 5.3e-05, 967.7703126953213
78500, 389.85, 558.92, 5.17e-05, 967.7703126953213
79000, 389.85, 545.63, 5.05e-05, 967.7703126953213
79500, 389.85, 532.65, 4.93e-05, 967.7703126953213
80000, 389.85, 519.99, 4.81e-05, 967.7703126953213
80500, 389.85, 507.62, 4.7e-05, 967.7703126953213
81000, 389.85, 495.55, 4.59e-05, 967.7703126953213
81500, 389.85, 483.77, 4.48e-05, 967.7703126953213
82000, 389.85, 472.26, 4.37e-05, 967.7703126953213
82500, 389.85, 81.16, 7.01e-05, 967.7703126953213
83000, 389.85, 79.24, 7.01e-05, 967.7703126953213
83500, 389.85, 77.36, 7.01e-05, 967.7703126953213
84000, 389.85, 75.54, 7.01e-05, 967.7703126953213
84500, 389.85, 73.76, 7.01e-05, 967.7703126953213
85000, 389.85, 72.02, 7.01e-05, 967.7703126953213
85500, 389.85, 70.33, 7.01e-05, 967.7703126953213
86000, 389.85, 68.69, 7.01e-05, 967.7703126953213
86500, 389.85, 67.08, 7.01e-05, 967.7703126953213
87000, 389.85, 65.52, 7.01e-05, 967.7703126953213
87500, 389.85, 63.99, 7.01e-05, 967.7703126953213
88000, 389.85, 62.51, 7.01e-05, 967.7703126953213
88500, 389.85, 61.06, 7.01e-05, 967.7703126953213
89000, 389.85, 59.64, 7.01e-05, 967.7703126953213
89500, 389.85, 58.27, 7.01e-05, 967.7703126953213
90000, 389.85, 56.93, 7.01e-05, 967.7703126953213
90500, 389.85, 55.62, 7.01e-05, 967.7703126953213
91000, 389.85, 54.34, 7.01e-05, 967.7703126953213
91500, 389.85, 53.1, 7.01e-05, 967.7703126953213
92000, 389.85, 51.88, 7.01e-05, 967.7703126953213
92500, 389.85, 50.7, 7.01e-05, 967.7703126953213
93000, 389.85, 49.55, 7.01e-05, 967.7703126953213
93500, 389.85, 48.42, 7.01e-05, 967.7703126953213
94000, 389.85, 47.32, 7.01e-05, 967.7703126953213
94500, 389.85, 46.25, 7.01e-05, 967.7703126953213
95000, 389.85, 45.21, 7.01e-05, 967.7703126953213
95500, 389.85, 44.19, 7.01e-05, 967.7703126953213
96000, 389.85, 43.2, 7.01e-05, 967.7703126953213
96500, 389.85, 42.23, 7.01e-05, 967.7703126953213
97000, 389.85, 41.28, 7.01e-05, 967.7703126953213
97500, 389.85, 40.36, 7.01e-05, 967.7703126953213
98000, 389.85, 39.46, 7.01e-05, 967.7703126953213
98500, 389.85, 38.58, 7.01e-05, 967.7703126953213
99000, 389.85, 37.72, 7.01e-05, 967.7703126953213
99500, 389.85, 36.89, 7.01e-05, 967.7703126953213
100000, 389.85, 36.07, 7.01e-05, 967.7703126953213
